% -------------------------------------------------------------------
%  Generated by MATLAB on 3-May-2020 16:57:25
%  MATLAB version: 9.0.0.341360 (R2016a)
% -------------------------------------------------------------------
                                 

Y0 = complex([0 0 0 0 0 0 0;
   0 0 0 0 0 0 0;
   0 0 0 0 0 0 0;
   0 0 0 0 0 0 0;
   0 0 0 0 8.8236 0 0;
   0 0 0 0 0 0 0;
   0 0 0 0 0 0 0],[-27.7778 2.7778 2.7778 0 16.6667 0 5.5556;
   2.7778 -12.2222 2.7778 0 0 0 0;
   2.7778 2.7778 -11.1111 0 0 0 5.5556;
   0 0 0 -20 0 0 0;
   16.6667 0 0 0 -31.3725 0 0;
   0 0 0 0 0 -20 0;
   5.5556 0 5.5556 0 0 0 -11.1111]);

Yd = complex([0.0001 0 0 0 0 0 0;
   0 0 0 0 0 0 0;
   0 0 0.0001 0 0 0 0;
   0 0 0 0 0 0 0;
   0 0 0 0 0 0 0;
   0 0 0 0 0 0 0;
   0 0 0 0 0 0 0.0001],[-50 8.3333 8.3333 0 16.6667 0 16.6667;
   8.3333 -33.3333 8.3333 0 0 16.6667 0;
   8.3333 8.3333 -53.3333 20 0 0 16.6667;
   0 0 20 -70 0 0 0;
   16.6667 0 0 0 -23.8095 0 0;
   0 16.6667 0 0 0 -23.8095 0;
   16.6667 0 16.6667 0 0 0 -33.3333]);

Z0 = complex([0.017667355466819117 0.0072408617532971472 0.014192123444963012 0 0.020563378676474134 ...
   0 0.015929882823689533;
   0.0072408617532971455 0.0029676246130231447 0.0058165583436470131 0 ...
   0.0084277798370383621 0 0.0065287688069212736;
   0.014192123444963008 0.0058165583436470122 0.01140048199377359 0 0.016518488529318323 ...
   0 0.01279641788620794;
   0 0 0 0 0 0 0;
   0.02056337867647413 0.0084277798370383621 0.016518488529318323 0 0.023934116420888576 ...
   0 0.018541100471465521;
   0 0 0 0 0 0 0;
   0.015929882823689529 0.0065287688069212719 0.01279641788620794 0 0.018541100471465517 ...
   0 0.014363279623431199],[0.0856948862277977 0.035121545230998183 0.068838395549978282 0 0.039742064935950241 0 0.077267336289351382;
   0.035121545230998183 0.10291929000122275 0.057721764673582782 0 0.016288051629018592 ...
   0 0.046422072747602849;
   0.068838395549978282 0.057721764673582789 0.1851348754535006 0 0.031924658593530317 ...
   0 0.12698777838260181;
   0 0 0 0.05 -0 -0 -0;
   0.039742064935950228 0.016288051629018592 0.031924658593530317 0 0.046256562403909456 ...
   0 0.03583368426531866;
   0 0 0 0 0 0.05 -0;
   0.077267336289351382 0.046422072747602849 0.12698777838260183 0 0.03583368426531866 ...
   0 0.19212856648500176]);

Z077 = 0.014363279623431199 + 0.19212856648500176i;

Z0Ohm = 6.9518273377407 + 92.990226178740855i;

Zb = 484;

Zd = ...
  [7.5810181529935575E-7 + 0.063090881863198015i 5.15282894165385E-7 + 0.037630377788171555i ...
   5.8163340035318E-7 + 0.0347480778072569i 1.6618097152948003E-7 + 0.00992802223064483i ...
   5.30672862724953E-7 + 0.044163749795223015i 3.6069910801092947E-7 + 0.026341343475592464i ...
   8.1662864396421887E-7 + 0.048919626591363834i;
   5.1528289416538515E-7 + 0.037630377788171555i 3.5918816575177365E-7 + 0.072698543663044207i ...
   4.1860612127093918E-7 + 0.031385312113606706i 1.1960174893455406E-7 + 0.0089672320324590583i ...
   3.6069910801092936E-7 + 0.026341343475592464i 2.5143247032214392E-7 + 0.050889133231225313i ...
   5.7046985749548326E-7 + 0.034507948472816088i;
   5.8163340035317992E-7 + 0.0347480778072569i 4.1860612127093913E-7 + 0.0313853121136067i ...
   5.0674226378130991E-7 + 0.046853714856462489i 1.4478350393751711E-7 + 0.013386775673274998i ...
   4.0714460167858805E-7 + 0.024323727436116192i 2.9302516396339108E-7 + 0.021969784388746041i ...
   6.66592643233566E-7 + 0.0408010187326713i;
   1.6618097152947998E-7 + 0.0099280222306448278i 1.19601748934554E-7 + 0.0089672320324590583i ...
   1.4478350393751709E-7 + 0.013386775673274995i 4.136671541071917E-8 + 0.018110507335221425i ...
   1.1632702905102514E-7 + 0.0069496364103189111i 8.372147541811173E-8 + 0.0062770812539274393i ...
   1.90455040923876E-7 + 0.011657433923620371i;
   5.3067286272495314E-7 + 0.044163749795223008i 3.6069910801092941E-7 + 0.026341343475592461i ...
   4.0714460167858816E-7 + 0.0243237274361162i 1.1632702905102519E-7 + 0.0069496364103189137i ...
   3.7147211832159325E-7 + 0.072914759600665416i 2.5249013307653484E-7 + 0.01843899574979134i ...
   5.7164176569682039E-7 + 0.034243841345273252i;
   3.6069910801092931E-7 + 0.026341343475592457i 2.5143247032214382E-7 + 0.050889133231225292i ...
   2.9302516396339103E-7 + 0.021969784388746035i 8.372147541811173E-8 + 0.0062770812539274393i ...
   2.5249013307653479E-7 + 0.018438995749791336i 1.7600325723421639E-7 + 0.077622542129186359i ...
   3.9933009823473687E-7 + 0.024155636397735512i;
   8.1662864396421877E-7 + 0.04891962659136382i 5.7046985749548326E-7 + 0.034507948472816088i ...
   6.6659264323356615E-7 + 0.0408010187326713i 1.9045504092387605E-7 + 0.011657433923620373i ...
   5.7164176569682028E-7 + 0.034243841345273245i 3.9933009823473692E-7 + 0.024155636397735516i ...
   9.6619455473548877E-7 + 0.07486048724025153i];

Zd77 = 9.6619455473548877E-7 + 0.07486048724025153i;

Zd77Ohm = 0.00046763816449197656 + 36.232475824281742i;

Zi = ...
  [7.5810181529935575E-7 + 0.063090881863198015i 5.15282894165385E-7 + 0.037630377788171555i ...
   5.8163340035318E-7 + 0.0347480778072569i 1.6618097152948003E-7 + 0.00992802223064483i ...
   5.30672862724953E-7 + 0.044163749795223015i 3.6069910801092947E-7 + 0.026341343475592464i ...
   8.1662864396421887E-7 + 0.048919626591363834i;
   5.1528289416538515E-7 + 0.037630377788171555i 3.5918816575177365E-7 + 0.072698543663044207i ...
   4.1860612127093918E-7 + 0.031385312113606706i 1.1960174893455406E-7 + 0.0089672320324590583i ...
   3.6069910801092936E-7 + 0.026341343475592464i 2.5143247032214392E-7 + 0.050889133231225313i ...
   5.7046985749548326E-7 + 0.034507948472816088i;
   5.8163340035317992E-7 + 0.0347480778072569i 4.1860612127093913E-7 + 0.0313853121136067i ...
   5.0674226378130991E-7 + 0.046853714856462489i 1.4478350393751711E-7 + 0.013386775673274998i ...
   4.0714460167858805E-7 + 0.024323727436116192i 2.9302516396339108E-7 + 0.021969784388746041i ...
   6.66592643233566E-7 + 0.0408010187326713i;
   1.6618097152947998E-7 + 0.0099280222306448278i 1.19601748934554E-7 + 0.0089672320324590583i ...
   1.4478350393751709E-7 + 0.013386775673274995i 4.136671541071917E-8 + 0.018110507335221425i ...
   1.1632702905102514E-7 + 0.0069496364103189111i 8.372147541811173E-8 + 0.0062770812539274393i ...
   1.90455040923876E-7 + 0.011657433923620371i;
   5.3067286272495314E-7 + 0.044163749795223008i 3.6069910801092941E-7 + 0.026341343475592461i ...
   4.0714460167858816E-7 + 0.0243237274361162i 1.1632702905102519E-7 + 0.0069496364103189137i ...
   3.7147211832159325E-7 + 0.072914759600665416i 2.5249013307653484E-7 + 0.01843899574979134i ...
   5.7164176569682039E-7 + 0.034243841345273252i;
   3.6069910801092931E-7 + 0.026341343475592457i 2.5143247032214382E-7 + 0.050889133231225292i ...
   2.9302516396339103E-7 + 0.021969784388746035i 8.372147541811173E-8 + 0.0062770812539274393i ...
   2.5249013307653479E-7 + 0.018438995749791336i 1.7600325723421639E-7 + 0.077622542129186359i ...
   3.9933009823473687E-7 + 0.024155636397735512i;
   8.1662864396421877E-7 + 0.04891962659136382i 5.7046985749548326E-7 + 0.034507948472816088i ...
   6.6659264323356615E-7 + 0.0408010187326713i 1.9045504092387605E-7 + 0.011657433923620373i ...
   5.7164176569682028E-7 + 0.034243841345273245i 3.9933009823473692E-7 + 0.024155636397735516i ...
   9.6619455473548877E-7 + 0.07486048724025153i];

Zi77 = 9.6619455473548877E-7 + 0.07486048724025153i;

Zi77Ohm = 0.00046763816449197656 + 36.232475824281742i;

