% -------------------------------------------------------------------
%  Generated by MATLAB on 3-May-2020 19:34:45
%  MATLAB version: 9.0.0.341360 (R2016a)
% -------------------------------------------------------------------
                                               

Y0 = complex([0 0 0 0 0 0;
   0 0 0 0 0 0;
   0 0 0 0 0 0;
   0 0 0 0 0 0;
   0 0 0 0 8.8236 0;
   0 0 0 0 0 0],[-25 2.7778 5.5556 0 16.6667 0;
   2.7778 -12.2222 2.7778 0 0 0;
   5.5556 2.7778 -8.3333 0 0 0;
   0 0 0 -20 0 0;
   16.6667 0 0 0 -31.3725 0;
   0 0 0 0 0 -20]);

Yd = complex([0 0 0 0 0 0;
   0 0 0 0 0 0;
   0 0 0.0001 0 0 0;
   0 0 0 0 0 0;
   0 0 0 0 0 0;
   0 0 0 0 0 0],[-41.6667 8.3333 16.6667 0 16.6667 0;
   8.3333 -33.3333 8.3333 0 0 16.6667;
   16.6667 8.3333 -45 20 0 0;
   0 0 20 -70 0 0;
   16.6667 0 0 0 -23.8095 0;
   0 16.6667 0 0 0 -23.8095]);

Z0 = complex([0.017667109300447091 0.0072407373603119154 0.014191822287573748 0 0.02056317833589482 ...
   0;
   0.0072407373603119154 0.0029675639986950207 0.0058164160362070135 0 ...
   0.0084276703727475255 0;
   0.014191822287573749 0.0058164160362070144 0.011400157004574488 0 0.016518207231746771 ...
   0;
   0 0 0 0 0 0;
   0.02056317833589482 0.0084276703727475255 0.016518207231746771 0 0.023933983544388519 ...
   0;
   0 0 0 0 0 0],[0.085694314590417847 0.035121196946772647 0.068837434751811477 0 0.039741817598837055 -0;
   0.035121196946772647 0.10291907876679253 0.057721183535440521 0 0.016287897389490814 ...
   -0;
   0.068837434751811477 0.057721183535440521 0.18513327926894635 0 0.031924227283384343 ...
   -0;
   0 0 0 0.05 -0 -0;
   0.039741817598837062 0.016287897389490814 0.031924227283384343 0 0.046256468377472978 ...
   -0;
   0 0 0 0 0 0.05]);

Z033 = 0.011400157004574488 + 0.18513327926894635i;

Z033Ohm = 5.5176759902140518 + 89.604507166170038i;

Zb = 484;

Zd = ...
  [1.2074162330179389E-7 + 0.063090602396702722i 1.0905687808676052E-7 + 0.037630200134761482i ...
   1.6280619428802074E-7 + 0.034747895374992614i 4.6516055510863072E-8 + 0.0099279701071407472i ...
   8.4519389868918213E-8 + 0.044163554168089411i 7.6340043680405345E-8 + 0.026341219117832347i ...
   ;
   1.0905687808676056E-7 + 0.037630200134761496i 9.8502921633768074E-8 + 0.0726984226388239i ...
   1.4705065905780594E-7 + 0.031385175104116557i 4.2014474016515985E-8 + 0.0089671928868904419i ...
   7.6340043680405371E-8 + 0.026341219117832354i 6.8952251999979918E-8 + 0.050889048514016932i ...
   ;
   1.6280619428802077E-7 + 0.034747895374992621i 1.4705065905780591E-7 + 0.031385175104116543i ...
   2.1952543102967342E-7 + 0.046853541064134557i 6.2721551722763827E-8 + 0.013386726018324158i ...
   1.1396467789496445E-7 + 0.024323599733148089i 1.0293577014715696E-7 + 0.021969688481815203i ...
   ;
   4.6516055510863086E-8 + 0.0099279701071407489i 4.2014474016515972E-8 + 0.0089671928868904419i ...
   6.272155172276384E-8 + 0.013386726018324158i 1.7920443349361095E-8 + 0.018110493148092613i ...
   3.2561336541418408E-8 + 0.0069495999237565971i 2.941022004204484E-8 + 0.0062770538519472015i ...
   ;
   8.4519389868918226E-8 + 0.044163554168089425i 7.6340043680405371E-8 + 0.026341219117832347i ...
   1.1396467789496442E-7 + 0.024323599733148089i 3.25613365414184E-8 + 0.0069495999237565971i ...
   5.9163750399138964E-8 + 0.072914622661261086i 5.3438190890535785E-8 + 0.018438908699098103i ...
   ;
   7.6340043680405371E-8 + 0.026341219117832351i 6.8952251999979931E-8 + 0.050889048514016925i ...
   1.0293577014715697E-7 + 0.02196968848181521i 2.9410220042044847E-8 + 0.0062770538519472023i ...
   5.34381908905358E-8 + 0.018438908699098103i 4.8266721199859937E-8 + 0.077622482826962588i ...
   ];

Zd33 = 2.1952543102967342E-7 + 0.046853541064134557i;

Zd33Ohm = 0.00010625030861836194 + 22.677113875041126i;

Zi = ...
  [1.2074162330179389E-7 + 0.063090602396702722i 1.0905687808676052E-7 + 0.037630200134761482i ...
   1.6280619428802074E-7 + 0.034747895374992614i 4.6516055510863072E-8 + 0.0099279701071407472i ...
   8.4519389868918213E-8 + 0.044163554168089411i 7.6340043680405345E-8 + 0.026341219117832347i ...
   ;
   1.0905687808676056E-7 + 0.037630200134761496i 9.8502921633768074E-8 + 0.0726984226388239i ...
   1.4705065905780594E-7 + 0.031385175104116557i 4.2014474016515985E-8 + 0.0089671928868904419i ...
   7.6340043680405371E-8 + 0.026341219117832354i 6.8952251999979918E-8 + 0.050889048514016932i ...
   ;
   1.6280619428802077E-7 + 0.034747895374992621i 1.4705065905780591E-7 + 0.031385175104116543i ...
   2.1952543102967342E-7 + 0.046853541064134557i 6.2721551722763827E-8 + 0.013386726018324158i ...
   1.1396467789496445E-7 + 0.024323599733148089i 1.0293577014715696E-7 + 0.021969688481815203i ...
   ;
   4.6516055510863086E-8 + 0.0099279701071407489i 4.2014474016515972E-8 + 0.0089671928868904419i ...
   6.272155172276384E-8 + 0.013386726018324158i 1.7920443349361095E-8 + 0.018110493148092613i ...
   3.2561336541418408E-8 + 0.0069495999237565971i 2.941022004204484E-8 + 0.0062770538519472015i ...
   ;
   8.4519389868918226E-8 + 0.044163554168089425i 7.6340043680405371E-8 + 0.026341219117832347i ...
   1.1396467789496442E-7 + 0.024323599733148089i 3.25613365414184E-8 + 0.0069495999237565971i ...
   5.9163750399138964E-8 + 0.072914622661261086i 5.3438190890535785E-8 + 0.018438908699098103i ...
   ;
   7.6340043680405371E-8 + 0.026341219117832351i 6.8952251999979931E-8 + 0.050889048514016925i ...
   1.0293577014715697E-7 + 0.02196968848181521i 2.9410220042044847E-8 + 0.0062770538519472023i ...
   5.34381908905358E-8 + 0.018438908699098103i 4.8266721199859937E-8 + 0.077622482826962588i ...
   ];

Zi33 = 2.1952543102967342E-7 + 0.046853541064134557i;

Zi33Ohm = 0.00010625030861836194 + 22.677113875041126i;

